latitude: 43.70633509551551
longitude: 10.475743470974509