latitude: 42.82419354030366
longitude: 10.268806757736654
