latitude: 42.82405822920258
longitude: 10.26898923543666
