latitude: 43.706622817545224
longitude: 10.47537547935557
