latitude: 43.70647012623944
longitude: 10.475552505140305

