latitude: 43.70643636855846
longitude: 10.475600246598855